predicted value,real value
140000.0,140000
45000.0,45000
37000.0,37000
140000.0,140000
75000.0,75000
623300.0,250000
33000.0,33000
60000.0,60000
37000.0,37000
70000.0,70000
66108.0,55000
38000.0,38000
80000.0,80000
65000.0,65000
57300.6,42000
80000.0,80000
135593.0,120000
60000.0,60000
140000.0,140000
111940.0,65000
85618.0,85000
99698.0,150000
150000.0,150000
66542.798,85000
49768.8,550000
63110.0,55000
250000.0,250000
37000.0,37000
65000.0,65000
161790.0,250000
199743.0,120000
33000.0,33000
65000.0,65000
90000.0,90000
85000.0,85000
88719.594,45000
212596.0,65000
90000.0,90000
140000.0,140000
60000.0,60000
70000.0,70000
75000.0,75000
72380.0,90000
37000.0,37000
61316.0,50000
150000.0,150000
70000.0,70000
70000.0,70000
56437.6,55000
37000.0,37000
155362.0,160000
62727.6,45000
45000.0,45000
122700.0,200000
80000.0,80000
80000.0,80000
36000.0,36000
130190.0,120000
80936.0,45000
85000.0,85000
35000.0,35000
70000.0,70000
160000.0,160000
38000.0,38000
100000.0,100000
60000.0,60000
223789.0,3000
62154.0,60000
53935.9,55000
71008.0,50000
178161.0,70000
133088.0,120000
55587.6,65000
43985.8,45000
43212.8,70000
80000.0,80000
160000.0,160000
90000.0,90000
60000.0,60000
65000.0,65000
37000.0,37000
333826.0,250000
60000.0,60000
100000.0,100000
57906.0,35000
35000.0,35000
60000.0,60000
55000.0,55000
98102.0,34000
100000.0,100000
80000.0,80000
90000.0,90000
65610.0,40000
33000.0,33000
160000.0,160000
117134.0,150000
85000.0,85000
180000.0,180000
250000.0,250000
140000.0,140000
57673.2,45000
70000.0,70000
71888.0,90000
90015.0,130000
140000.0,140000
140000.0,140000
38000.0,38000
135042.0,130000
37000.0,37000
36000.0,36000
50046.0,45000
52368.8,65000
250000.0,250000
103698.0,130000
100000.0,100000
45000.0,45000
90000.0,90000
129870.0,90000
116072.0,120000
55000.0,55000
250000.0,250000
70000.0,70000
38000.0,38000
98486.0,130000
67484.0,75000
60000.0,60000
130000.0,130000
37000.0,37000
55471.0,170000
160000.0,160000
159270.0,220000
90000.0,90000
70962.0,65000
91600.0,125000
103347.0,220000
88060.0,100000
140000.0,140000
92885.0,50000
124900.0,120000
193208.9,67000
99274.0,100000
50000.0,50000
37000.0,37000
43000.0,43000
38000.0,38000
48826.932,50000
75000.0,75000
57442.0,50000
75000.0,75000
160000.0,160000
104788.0,80000
85000.0,85000
71374.0,70000
50064.8,50000
72018.0,95000
120000.0,120000
74504.8,35000
50000.0,50000
75000.0,75000
120000.0,120000
221667.2,150000
80000.0,80000
69288.0,45000
188893.0,110000
75000.0,75000
70000.0,70000
59555.0,55000
90974.0,38000
37000.0,37000
55000.0,55000
37000.0,37000
35000.0,35000
93234.0,180000
102444.0,95000
94634.0,90000
91123.866,100000
80000.0,80000
114152.0,95000
62072.0,70000
101622.0,100000
37000.0,37000
67400.0,65000
70000.0,70000
46516.0,45000
75000.0,75000
37000.0,37000
36000.0,36000
55000.0,55000
186170.0,120000
33000.0,33000
108820.0,100000
80000.0,80000
137457.0,110000
140000.0,140000
116570.0,55000
80322.0,75000
223340.0,350000
100030.0,185000
85259.0,100000
250000.0,250000
102734.0,100000
250000.0,250000
68775.666,50000
65000.0,65000
84178.0,30000
80000.0,80000
51598.0,30000
55000.0,55000
38000.0,38000
59490.0,40000
111307.0,115000
80000.0,80000
95268.0,70000
220000.0,220000
112074.0,120000
75000.0,75000
81552.0,75000
78598.0,75000
100000.0,100000
85000.0,85000
75000.0,75000
80000.0,80000
108022.0,65000
65000.0,65000
43000.0,43000
33000.0,33000
120000.0,120000
55000.0,55000
55000.0,55000
217969.0,95000
80000.0,80000
80000.0,80000
140000.0,140000
93550.0,80000
82186.666,47000
90628.0,95000
120000.0,120000
100000.0,100000
130510.0,180000
84721.0,140000
72710.0,85000
139969.0,135000
100000.0,100000
110280.0,220000
30000.0,30000
35000.0,35000
134528.0,80000
140000.0,140000
75000.0,75000
35000.0,35000
50485.486,46000
124539.932,30000
94100.0,95000
57520.0,36000
30000.0,30000
141015.0,160000
80514.0,65000
90000.0,90000
37000.0,37000
40936.4,45000
37000.0,37000
105630.0,150000
80187.0,75000
36050.0,32000
91013.666,140000
62000.0,62000
74662.0,65000
140000.0,140000
220000.0,220000
148246.0,85000
65000.0,65000
80000.0,80000
51021.9,48000
93154.0,140000
85000.0,85000
73540.0,55000
81296.0,48000
168064.0,170000
43000.0,43000
191280.0,150000
43000.0,43000
72324.0,75000
101726.0,70000
97654.0,80000
403430.0,35000
60172.666,50000
80000.0,80000
33000.0,33000
85000.0,85000
36000.0,36000
37000.0,37000
36000.0,36000
174370.0,170000
90000.0,90000
130000.0,130000
100000.0,100000
80000.0,80000
206860.0,150000
50000.0,50000
70000.0,70000
55000.0,55000
42800.0,35000
54734.8,40000
126421.0,130000
57839.2,55000
33000.0,33000
87846.0,90000
45000.0,45000
37000.0,37000
55000.0,55000
65798.0,60000
147754.0,160000
70000.0,70000
60000.0,60000
80000.0,80000
44453.2,60000
80000.0,80000
92225.0,120000
92462.0,50000
59269.2,55000
70000.0,70000
70000.0,70000
33000.0,33000
60000.0,60000
69063.242,70000
62892.0,70000
36000.0,36000
90000.0,90000
37000.0,37000
38000.0,38000
153047.0,150000
154910.8,100000
45000.0,45000
90000.0,90000
60000.0,60000
45000.0,45000
118688.0,120000
140000.0,140000
150000.0,150000
117392.0,145000
45000.0,45000
55000.0,55000
301195.6,85000
54461.8,60000
100000.0,100000
160000.0,160000
45000.0,45000
72929.666,40000
75000.0,75000
90000.0,90000
85000.0,85000
220000.0,220000
120000.0,120000
80000.0,80000
51370.2,90000
37000.0,37000
55000.0,55000
87971.0,120000
57961.732,37000
45000.0,45000
100000.0,100000
90000.0,90000
115040.0,120000
125971.0,200000
80000.0,80000
38000.0,38000
30000.0,30000
79179.4,90000
106474.0,150000
174107.0,370000
48845.4,56000
75000.0,75000
45000.0,45000
38000.0,38000
104650.0,95000
80000.0,80000
109010.0,85000
37000.0,37000
74876.0,120000
70000.0,70000
91580.0,125000
62000.0,62000
70000.0,70000
60000.0,60000
46144.2,30000
80000.0,80000
55896.4,55000
60000.0,60000
140000.0,140000
66603.0,35000
37000.0,37000
150000.0,150000
75000.0,75000
58917.8,55000
140000.0,140000
60000.0,60000
43000.0,43000
80000.0,80000
92400.0,150000
53193.9,50000
81112.0,55000
76164.0,70000
100000.0,100000
38000.0,38000
37000.0,37000
80000.0,80000
130000.0,130000
80000.0,80000
102934.0,115000
144778.0,140000
143588.0,80000
65000.0,65000
33000.0,33000
220000.0,220000
65000.0,65000
93426.2,45000
45000.0,45000
100000.0,100000
36000.0,36000
60000.0,60000
100000.0,100000
88852.0,75000
43000.0,43000
36000.0,36000
80000.0,80000
66412.0,85000
43000.0,43000
60000.0,60000
80000.0,80000
65000.0,65000
90000.0,90000
55000.0,55000
106743.6,450000
50000.0,50000
66548.8,85000
36000.0,36000
80000.0,80000
75806.0,70000
63536.8,60000
75000.0,75000
89898.0,65000
62000.0,62000
86123.0,75000
85000.0,85000
160000.0,160000
90000.0,90000
65000.0,65000
180000.0,180000
65000.0,65000
84582.0,90000
212620.0,400000
37000.0,37000
100000.0,100000
130000.0,130000
62634.0,65000
37000.0,37000
58857.9,90000
62000.0,62000
78547.2,100000
97228.0,50000
155714.0,95000
70000.0,70000
50000.0,50000
80000.0,80000
70000.0,70000
37000.0,37000
52203.9,60000
38000.0,38000
78260.0,65000
85000.0,85000
50498.4,53000
100000.0,100000
65436.0,50000
60000.0,60000
124795.6,70000
293037.4,150000
150000.0,150000
83858.0,80000
104838.0,40000
36004.0,35000
90000.0,90000
54139.2,45000
38000.0,38000
107851.2,35000
120000.0,120000
97504.0,150000
65129.4,115000
37000.0,37000
164410.0,160000
59052.466,48000
88878.0,45000
60000.0,60000
160000.0,160000
85000.0,85000
83316.0,40000
76860.0,70000
80000.0,80000
60000.0,60000
65000.0,65000
95664.0,120000
117126.0,110000
792258.2,700000
178260.0,120000
55000.0,55000
77018.0,50000
62000.0,62000
65000.0,65000
85000.0,85000
123162.0,200000
220000.0,220000
85000.0,85000
68291.0,100000
63110.0,55000
90000.0,90000
39022.0,36000
45000.0,45000
90000.0,90000
60000.0,60000
73936.0,50000
37000.0,37000
55000.0,55000
124006.0,160000
65000.0,65000
90000.0,90000
65000.0,65000
150000.0,150000
33000.0,33000
55000.0,55000
186448.0,150000
37000.0,37000
70000.0,70000
75000.0,75000
65000.0,65000
80000.0,80000
73174.0,85000
45000.0,45000
156153.866,100000
190750.0,70000
90000.0,90000
94714.0,100000
56678.0,60000
80000.0,80000
60000.0,60000
74085.0,45000
65000.0,65000
162560.0,150000
150000.0,150000
65000.0,65000
55000.0,55000
65000.0,65000
60000.0,60000
48254.2,50000
90000.0,90000
150814.0,110000
75000.0,75000
140000.0,140000
66854.0,140000
45328.0,43000
88358.0,100000
130048.0,140000
102790.0,100000
52396.9,43000
62000.0,62000
78646.0,80000
68783.0,550000
85000.0,85000
101894.0,125000
140000.0,140000
30000.0,30000
45000.0,45000
90000.0,90000
50000.0,50000
60000.0,60000
106800.0,40000
87956.0,150000
79920.0,80000
37710.0,35000
30000.0,30000
60118.6,45000
111690.0,50000
49737.9,45000
140000.0,140000
37000.0,37000
80000.0,80000
60000.0,60000
150000.0,150000
75082.0,70000
114226.0,60000
220000.0,220000
65000.0,65000
180000.0,180000
148300.0,160000
74054.0,47000
106227.4,45005
133504.0,90000
98538.0,100000
95961.0,220000
62000.0,62000
100000.0,100000
60558.0,100000
75971.2,80000
75293.8,52000
65000.0,65000
45000.0,45000
74906.0,65000
134616.0,60000
75000.0,75000
65298.8,40000
100000.0,100000
33000.0,33000
80000.0,80000
180000.0,180000
140000.0,140000
150000.0,150000
108963.666,33000
45000.0,45000
38000.0,38000
160000.0,160000
60000.0,60000
80000.0,80000
83418.0,48000
38000.0,38000
160000.0,160000
80000.0,80000
142350.0,180000
117408.0,55000
107674.0,85000
220000.0,220000
150000.0,150000
60000.0,60000
72358.0,75000
90208.0,300000
100000.0,100000
81418.0,70000
100000.0,100000
100000.0,100000
37000.0,37000
165280.0,160000
42813.7,35000
67212.0,120000
140000.0,140000
80000.0,80000
100000.0,100000
90000.0,90000
100000.0,100000
55953.0,45000
80000.0,80000
70000.0,70000
103614.0,200000
80779.0,110000
85000.0,85000
77980.0,90000
180000.0,180000
114858.0,85000
37000.0,37000
61890.8,60000
140159.0,150000
70000.0,70000
81808.0,120000
60000.0,60000
33000.0,33000
60000.0,60000
33000.0,33000
60000.0,60000
37000.0,37000
130000.0,130000
55000.0,55000
47012.0,40000
77368.0,55000
132284.0,100000
38000.0,38000
75000.0,75000
60000.0,60000
60000.0,60000
120000.0,120000
52740.8,45000
89932.0,80000
73137.8,90000
102263.6,110000
80000.0,80000
30000.0,30000
65000.0,65000
89968.0,100000
58079.6,90000
37000.0,37000
62000.0,62000
43000.0,43000
72859.0,180000
59162.3,65000
100000.0,100000
113904.0,120000
87482.0,65000
75000.0,75000
100194.0,160000
80000.0,80000
150000.0,150000
62587.8,60000
35004.0,33000
55000.0,55000
55000.0,55000
68810.0,55000
75000.0,75000
135948.0,90000
37000.0,37000
180000.0,180000
118790.0,125000
140000.0,140000
60000.0,60000
180000.0,180000
62000.0,62000
89436.932,50000
109083.0,110000
43000.0,43000
100000.0,100000
75000.0,75000
74654.0,120000
107854.0,220000
103738.0,120000
33000.0,33000
90000.0,90000
45000.0,45000
80000.0,80000
84784.0,50000
104168.0,212000
76133.396,40000
37000.0,37000
162592.0,200000
37000.0,37000
71465.0,25000
137295.2,2000
55000.0,55000
75000.0,75000
105486.0,60000
91674.8,4500
150000.0,150000
90444.0,130000
55000.0,55000
35000.0,35000
74935.8,45000
60000.0,60000
61560.0,50000
75000.0,75000
75000.0,75000
49119.1,40000
